BOARD #2 — WEATHER ALMANAC
generated 2026-09-18T03:28:00.876Z

PRE-REGISTERED: dies if harvest days do not sit in a visibly different pressure regime from desert days.

date        dow  range_t  dgs30  d30_30d  d30vol  vxtlt   vix   runA  runAB  fr_max   fr_hrs>.005  cross  liq_M   trades  net    class
----------------------------------------------------------------------------------------------------------------------------------
2026-07-06  Mon    1643   4.98      -3    3.9   10.7   15.8    23     23   0.0094        12.0      0    50.9      1   -304   LOSS
2026-07-07  Tue    3057   4.99      -2    3.8   10.7   15.6    22     22   0.0088         6.0      4    28.5      0      0   quiet
2026-07-08  Wed    2591   5.05       4    3.9   10.7   16.1    21     21   0.0081         4.5      4    24.3      0      0   quiet
2026-07-09  Thu    2393   5.06       3    3.9   10.7   16.9    20     20   0.0076        11.7      0    12.6      0      0   quiet
2026-07-10  Fri    1597   5.05       4    3.9   10.7   15.8    19     19   0.0086         9.2      0    18.5      0      0   quiet
2026-07-13  Mon    2624   5.06       9    3.5   10.7   15.0    16     16   0.0037         0.0     13    38.2      2   1692   HARVEST
2026-07-14  Tue    2475   5.10      13    3.5   11.3   17.2    15     15   0.0089         9.3      1    62.9      2   1692   HARVEST
2026-07-15  Wed    2663   5.08      11    3.5   10.4   16.5    14     14   0.0100         9.6      0    70.9      1   1996   HARVEST
2026-07-16  Thu    2870   5.08      11    3.3    9.3   15.7    13     13   0.0092        10.7      2    35.8      1   1563   HARVEST
2026-07-17  Fri    3247   5.09      16    3.3    9.3   16.7    12     12   0.0100         4.8      2    54.3      1   1996   HARVEST
2026-07-20  Mon    1943   5.06      16    3.3   10.2   18.8     9      9   0.0055         1.1      0    44.2      1   -304   LOSS
2026-07-21  Tue    2654   5.11      21    3.3   10.6   18.6     8      8   0.0083         5.6      4    18.1      0      0   quiet
2026-07-22  Wed    1525   5.13      23    3.3   11.1   17.1     7      7   0.0082         8.1      2    24.2      0      0   quiet
2026-07-23  Thu    3402   5.15      20    3.2   11.3   16.6     6      6   0.0052         0.1      5    20.8      0      0   quiet
2026-07-24  Fri    2089   5.17      23    2.5   11.5   18.7     5      5   0.0052         0.6      4    34.2      1   -304   LOSS
2026-07-27  Mon    3301   5.16      29    2.6   11.0   18.6     2      2   0.0100        13.2      0    69.7      2   -608   LOSS
2026-07-28  Tue    2503   5.12      25    2.8   10.9   18.7     1      1   0.0064         7.5      2    48.8      1   1996   HARVEST
2026-07-29  Wed    3909   5.09      22    2.9   10.8   18.2     0      0   0.0100         9.2      0    36.0      0      0   quiet
2026-07-30  Thu    4821   5.20      34    3.5   13.2   20.7    48      0   0.0081         8.8      0     8.6      0      0   quiet
2026-07-31  Fri    2584   5.21      30    3.4   12.8   17.1    47      7   0.0062         1.4      4    29.1      0      0   quiet
2026-08-03  Mon    2608   5.27      29    3.6   13.7   16.0    44      4   0.0100         9.6      2    14.5      1   -304   LOSS
2026-08-04  Tue    4500   5.23      25    3.7   13.7   15.9    43      3   0.0098        19.5      0     8.4      0      0   quiet
2026-08-05  Wed    2170   5.18      20    3.9   13.7   16.5    42      2   0.0059         4.0      2    23.4      0      0   quiet
2026-08-06  Thu    1781   5.17      18    3.7   13.7   15.8    41      1   0.0046         0.0      9     9.0      0      0   quiet
2026-08-07  Fri    1649   5.22      17    3.8   13.7   15.2    40      0   0.0100         6.5      8    14.2      1   -304   LOSS
2026-08-10  Mon    1064   5.19      13    4.0   13.7   14.9    37     17   0.0081         2.2      4    22.8      1   -304   LOSS
2026-08-11  Tue    1414   5.25      19    4.1   13.7   15.5    36     16   0.0079        10.7      4    13.1      1    297   win
2026-08-12  Wed    1506   5.24      18    4.0   13.7   15.3    35     15   0.0100        17.0      0    18.0      1    339   win
2026-08-13  Thu    1971   5.24      14    4.0   13.7   14.6    34     14   0.0100        13.9      0    12.9      2   -608   LOSS
2026-08-14  Fri    1049   5.21      13    4.1   10.9   14.6    33     13   0.0074         3.2      2     7.0      2   -608   LOSS
2026-08-17  Mon    1146   5.25      19    4.1   11.8   14.3    30     10   0.0091        14.2      0    11.2      0      0   quiet
2026-08-18  Tue    2441   5.31      25    4.2   12.6   15.2    29      9   0.0059         3.0      0     8.5      1   1393   HARVEST
2026-08-19  Wed    1533   5.28      22    4.2   11.8   15.8    28      8   0.0100         9.9      6   321.5      0      0   quiet
2026-08-20  Thu    1944   5.19       8    4.7   11.7   14.9    27      7   0.0100        17.5      0    80.1      2    971   HARVEST
2026-08-21  Fri    1278   5.23      10    4.7   12.3   16.0    26      6   0.0100        16.9      0   126.6      0      0   desert
2026-08-24  Mon    2131   5.27      11    4.9   11.9   15.1    23      3   0.0100        17.3      0    50.4      0      0   desert
2026-08-25  Tue    1613   5.23       7    4.9   12.2   15.8    22      2   0.0100        16.7      0    34.4      0      0   desert
2026-08-26  Wed    1367   5.17       1    4.9   12.2   15.4    21      1   0.0100        16.7      0    23.3      0      0   desert
2026-08-27  Thu    1221   5.18       6    4.9   12.1   15.2    20      0   0.0100        12.2      0    63.1      0      0   desert
2026-08-28  Fri    1499   5.19      10    4.3   12.1   14.5    19      7   0.0096         3.5      3    56.8      0      0   desert
2026-08-31  Mon    1080   5.22      -5    4.2   11.4   14.4    16      4   0.0090         7.5      0    42.9      0      0   desert
2026-09-01  Tue    2277   5.25      -2    4.2   11.9   14.9    15      3   0.0099        11.2      0    39.2      0      0   desert
2026-09-02  Wed    1141   5.27       0    4.1   11.9   16.3    14      2   0.0086         6.6     18    20.6      0      0   desert
2026-09-03  Thu    2040   5.27       4    3.9   11.9   15.2    13      1   0.0100        18.1      0    41.2      0      0   desert
2026-09-04  Fri    1007   5.25       7    4.0   11.9   14.3    12      0   0.0100        12.5      2    53.5      0      0   desert
2026-09-07  Mon     614   5.24       5    3.7   11.9   14.5     9      9   0.0082         5.1      2    16.6      0      0   desert
2026-09-08  Tue    1361   5.24       5    3.7   11.9   15.3     8      8   0.0093         5.0      8    21.0      0      0   desert
2026-09-09  Wed    2222   5.25       6    3.6   11.9   15.7     7      7   0.0100        10.5      1    29.6      0      0   desert
2026-09-10  Thu    3038   5.28       3    3.7   11.9   16.5     6      6   0.0144         8.5      4    39.0      0      0   desert
2026-09-11  Fri    1852   5.37      13    4.2   11.9   17.8     5      5   0.0090         7.3      4   130.1      0      0   desert
2026-09-14  Mon    1991   5.35      10    4.1   11.9   15.8     2      2   0.0094        11.5      0    68.9      0      0   desert
2026-09-15  Tue    1148   5.34       9    4.0   13.5   17.1     1      1   0.0093         8.1      1    94.5      2   -600   LOSS
2026-09-16  Wed    1999   5.36      11    3.9   14.3   17.2     0      0   0.0057         2.1     11    45.2      0      0   desert
2026-09-17  Thu    2183   5.35       4    3.8   13.1   17.7    41      7   0.0099         4.0      2    20.6      0      0   desert

═══ GROUP MEDIANS ═══
group     n   range_t  dgs30  d30_30d  d30vol  vxtlt   vix   runA  runAB  fr_max   fr_hrs  cross  liq_M
HARVEST   8     2624   5.10      13    3.5   10.9   16.5    15     13   0.0092     9.3      2    54.3
LOSS     10     1943   5.21      16    3.9   13.5   16.0    33      9   0.0094     8.1      2    34.2
desert   19     1613   5.25       6    4.1   11.9   15.4    14      3   0.0099    10.5      1    41.2
quiet    15     2584   5.15      20    3.7   11.3   16.5    22      7   0.0082     8.1      2    20.8

Read: a variable that separates HARVEST from desert (and ideally from LOSS) is a pressure system. One that does not is weather noise.
